Delta,Time,CPU_FREQUENCY_0,CPU_FREQUENCY_1,CPU_FREQUENCY_2,CPU_FREQUENCY_3,CPU_FREQUENCY_4,CPU_FREQUENCY_5,CPU_FREQUENCY_6,CPU_FREQUENCY_7,CPU_TEMP_0,CPU_TEMP_1,CPU_TEMP_2,CPU_TEMP_3,CPU_TEMP_4,CPU_TEMP_5,CPU_TEMP_6,CPU_TEMP_7,CPU_TEMP_8,CPU_TEMP_9,CPU_USAGE_0,CPU_USAGE_1,CPU_USAGE_2,CPU_USAGE_3,CPU_USAGE_4,CPU_USAGE_5,CPU_USAGE_6,CPU_USAGE_7,SYSTEM_POWER (Watts),TOTAL_MEMORY,TOTAL_SWAP,USED_MEMORY,USED_SWAP
0,1760586263029,3228,3228,3228,3228,3228,3228,3228,3228,58.86838912963867,58.12590026855469,57.19658660888672,58.181880950927734,58.56726837158203,57.43115997314453,58.481563568115234,55.51988983154297,56.275814056396484,57.08033752441406,NaN,NaN,0,0,0,0,0,0,3.4523231983184814,17179869184,3221225472,4223221760,1858928640
209,1760586263030,3228,3228,3228,3228,3228,3228,3228,3228,58.898529052734375,58.12590026855469,56.797821044921875,58.577606201171875,58.329673767089844,57.46302795410156,58.547943115234375,55.40513610839844,56.020729064941406,57.00951385498047,NaN,NaN,NaN,100,NaN,NaN,0,NaN,3.4523231983184814,17179869184,3221225472,4223778816,1858928640
200,1760586263240,3228,3228,3228,3228,3228,3228,3228,3228,58.898529052734375,58.091773986816406,56.797821044921875,58.577606201171875,58.329673767089844,57.46302795410156,58.547943115234375,55.40513610839844,56.020729064941406,57.00951385498047,72.7272720336914,72.7272720336914,68.18181610107422,28.571430206298828,0,0,0,0,3.4523231983184814,17179869184,3221225472,5018992640,1858928640
209,1760586263440,3228,3228,3228,3228,3228,3228,3228,3228,58.898529052734375,58.091773986816406,56.797821044921875,58.577606201171875,58.329673767089844,57.46302795410156,58.547943115234375,55.40513610839844,56.020729064941406,57.00951385498047,100,95,65,45,10,14.285715103149414,10,9.523809432983398,3.4523231983184814,17179869184,3221225472,5793808384,1858928640
209,1760586263650,3228,3228,3228,3228,3228,3228,3228,3228,58.898529052734375,58.091773986816406,56.797821044921875,58.577606201171875,58.329673767089844,57.46302795410156,58.547943115234375,55.40513610839844,56.020729064941406,57.00951385498047,68.18181610107422,70,25,38.095237731933594,40.90909194946289,9.523809432983398,0,0,3.3717682361602783,17179869184,3221225472,6429704192,1858928640
209,1760586263860,3228,3228,3228,3228,3228,3228,3228,3228,58.898529052734375,58.091773986816406,56.797821044921875,58.577606201171875,58.329673767089844,57.46302795410156,58.547943115234375,55.40513610839844,56.020729064941406,57.00951385498047,65,81.81818389892578,9.090909004211426,85,15.000000953674316,4.761904716491699,0,0,3.3717682361602783,17179869184,3221225472,7108214784,1858928640
202,1760586264070,3228,3228,3228,3228,3228,3228,3228,3228,63.26313018798828,59.44734191894531,59.90852355957031,63.809452056884766,66.25261688232422,63.71343231201172,60.186771392822266,57.6015625,57.55286407470703,59.24070739746094,52.38095474243164,47.619049072265625,65,38.095237731933594,36.3636360168457,9.523809432983398,4.761904716491699,4.545454502105713,3.3717682361602783,17179869184,3221225472,7778697216,1858928640
209,1760586264273,3228,3228,3228,3228,3228,3228,3228,3228,63.26313018798828,59.44734191894531,59.90852355957031,63.809452056884766,66.25261688232422,63.71343231201172,60.186771392822266,57.6015625,57.55286407470703,59.24070739746094,80.95238494873047,50,85.71428680419922,13.636363983154297,25,15.000000953674316,0,0,3.3717682361602783,17179869184,3221225472,8391245824,1858928640
206,1760586264483,3228,3228,3228,3228,3228,3228,3228,3228,63.26313018798828,59.44734191894531,59.90852355957031,63.809452056884766,66.25261688232422,63.71343231201172,60.186771392822266,57.6015625,57.55286407470703,59.24070739746094,75,75,61.904762268066406,47.619049072265625,47.619049072265625,33.333335876464844,18.18181800842285,15.000000953674316,8.74191665649414,17179869184,3221225472,8955494400,1858928640
208,1760586264690,3228,3228,3228,3228,3228,3228,3228,3228,63.26313018798828,59.44734191894531,59.90852355957031,63.809452056884766,66.25261688232422,63.71343231201172,60.186771392822266,57.6015625,57.55286407470703,59.24070739746094,61.904762268066406,57.142860412597656,38.095237731933594,15.000000953674316,42.85714340209961,15.000000953674316,0,0,8.74191665649414,17179869184,3221225472,9558867968,1858928640
208,1760586264898,3228,3228,3228,3228,3228,3228,3228,3228,63.26313018798828,59.44734191894531,59.90852355957031,63.809452056884766,66.25261688232422,63.71343231201172,60.186771392822266,57.6015625,57.55286407470703,59.24070739746094,70,80.95238494873047,33.333335876464844,50,15.000000953674316,9.090909004211426,0,0,8.74191665649414,17179869184,3221225472,10220208128,1858928640
200,1760586265106,3228,3228,3228,3228,3228,3228,3228,3228,63.447509765625,60.7314453125,61.58158874511719,66.22179412841797,64.85054779052734,65.01119232177734,62.45906448364258,59.17828369140625,58.22233963012695,60.18409729003906,54.54545593261719,63.6363639831543,21.052631378173828,60.000003814697266,27.272727966308594,0,0,0,8.74191665649414,17179869184,3221225472,10876747776,1858928640
209,1760586265307,3228,3228,3228,3228,3228,3228,3228,3228,63.447509765625,60.7314453125,61.58158874511719,66.22179412841797,64.85054779052734,65.01119232177734,62.45906448364258,59.17828369140625,58.22233963012695,60.18409729003906,42.105262756347656,57.894737243652344,40,31.57894515991211,72.22222137451172,15.000000953674316,5,4.761904716491699,8.74191665649414,17179869184,3221225472,10423861248,1858928640
209,1760586265516,3228,3228,3228,3228,3228,3228,3228,3228,63.447509765625,60.7314453125,61.58158874511719,66.22179412841797,64.85054779052734,65.01119232177734,62.45906448364258,59.17828369140625,58.22233963012695,60.18409729003906,45.45454788208008,47.619049072265625,50,50,36.3636360168457,47.619049072265625,0,4.761904716491699,14.889568328857422,17179869184,3221225472,9474752512,1858928640
209,1760586265726,3228,3228,3228,3228,3228,3228,3228,3228,63.447509765625,60.7314453125,61.58158874511719,66.22179412841797,64.85054779052734,65.01119232177734,62.45906448364258,59.17828369140625,58.22233963012695,60.18409729003906,60.000003814697266,80.95238494873047,57.142860412597656,45,31.81818199157715,36.3636360168457,0,0,14.889568328857422,17179869184,3221225472,9667215360,1858928640
209,1760586265936,3228,3228,3228,3228,3228,3228,3228,3228,63.447509765625,60.7314453125,61.58158874511719,66.22179412841797,64.85054779052734,65.01119232177734,62.45906448364258,59.17828369140625,58.22233963012695,60.18409729003906,57.142860412597656,42.85714340209961,55,28.571430206298828,30.000001907348633,21.052631378173828,4.545454502105713,0,14.889568328857422,17179869184,3221225472,9758441472,1858928640
209,1760586266146,3228,3228,3228,3228,3228,3228,3228,3228,63.09102249145508,60.711181640625,60.487060546875,63.42798614501953,64.64778137207031,64.21649932861328,63.209251403808594,58.811065673828125,57.858333587646484,59.98883056640625,47.619049072265625,55,85.71428680419922,19.047618865966797,4.761904716491699,8.69565200805664,0,0,14.889568328857422,17179869184,3221225472,9818685440,1858928640
204,1760586266356,3228,3228,3228,3228,3228,3228,3228,3228,63.09102249145508,60.711181640625,60.487060546875,63.42798614501953,64.64778137207031,64.21649932861328,63.209251403808594,58.811065673828125,57.858333587646484,59.98883056640625,25,36.3636360168457,80.95238494873047,38.095237731933594,33.333335876464844,10,0,0,14.889568328857422,17179869184,3221225472,9868673024,1858928640
204,1760586266561,3228,3228,3228,3228,3228,3228,3228,3228,63.09102249145508,60.711181640625,60.487060546875,63.42798614501953,64.64778137207031,64.21649932861328,63.209251403808594,58.811065673828125,57.858333587646484,59.98883056640625,76.19047546386719,65,19.047618865966797,42.85714340209961,30.000001907348633,9.523809432983398,0,0,13.749056816101074,17179869184,3221225472,9918136320,1858928640
209,1760586266766,3228,3228,3228,3228,3228,3228,3228,3228,63.09102249145508,60.711181640625,60.487060546875,63.42798614501953,64.64778137207031,64.21649932861328,63.209251403808594,58.811065673828125,57.858333587646484,59.98883056640625,35,60.000003814697266,85.71428680419922,30.000001907348633,19.047618865966797,9.523809432983398,5,0,13.749056816101074,17179869184,3221225472,9992667136,1858928640
209,1760586266976,3228,3228,3228,3228,3228,3228,3228,3228,63.09102249145508,60.711181640625,60.487060546875,63.42798614501953,64.64778137207031,64.21649932861328,63.209251403808594,58.811065673828125,57.858333587646484,59.98883056640625,40.90909194946289,40,80,61.904762268066406,50,33.333335876464844,14.285715103149414,9.090909004211426,13.749056816101074,17179869184,3221225472,10244096000,1858928640
206,1760586267186,3228,3228,3228,3228,3228,3228,3228,3228,62.3177604675293,60.16202163696289,60.91123962402344,64.99604797363281,62.672142028808594,61.818058013916016,61.497779846191406,58.46866226196289,57.39600372314453,59.3760986328125,75,40.90909194946289,9.523809432983398,14.285715103149414,95.45454406738281,0,0,0,13.749056816101074,17179869184,3221225472,9976201216,1858928640
209,1760586267392,3228,3228,3228,3228,3228,3228,3228,3228,62.3177604675293,60.16202163696289,60.91123962402344,64.99604797363281,62.672142028808594,61.818058013916016,61.497779846191406,58.46866226196289,57.39600372314453,59.3760986328125,80,60.000003814697266,23.809524536132813,0,70,4.761904716491699,0,0,13.749056816101074,17179869184,3221225472,10062233600,1858928640
209,1760586267602,3228,3228,3228,3228,3228,3228,3228,3228,62.3177604675293,60.16202163696289,60.91123962402344,64.99604797363281,62.672142028808594,61.818058013916016,61.497779846191406,58.46866226196289,57.39600372314453,59.3760986328125,54.54545593261719,52.38095474243164,4.761904716491699,85.71428680419922,4.545454502105713,0,0,0,12.626595497131348,17179869184,3221225472,10175397888,1858928640
207,1760586267812,3228,3228,3228,3228,3228,3228,3228,3228,62.3177604675293,60.16202163696289,60.91123962402344,64.99604797363281,62.672142028808594,61.818058013916016,61.497779846191406,58.46866226196289,57.39600372314453,59.3760986328125,50,61.904762268066406,23.809524536132813,57.142860412597656,15.000000953674316,4.545454502105713,0,0,12.626595497131348,17179869184,3221225472,10246569984,1858928640
209,1760586268020,3228,3228,3228,3228,3228,3228,3228,3228,62.3177604675293,60.16202163696289,60.91123962402344,64.99604797363281,62.672142028808594,61.818058013916016,61.497779846191406,58.46866226196289,57.39600372314453,59.3760986328125,76.19047546386719,71.42857360839844,68.18181610107422,47.619049072265625,45.45454788208008,19.047618865966797,0,0,12.626595497131348,17179869184,3221225472,10418683904,1858928640
209,1760586268230,3228,3228,3228,3228,3228,3228,3228,3228,63.3935432434082,60.019229888916016,59.214622497558594,61.80339050292969,66.36621856689453,65.8486557006836,60.745361328125,57.6300163269043,57.835235595703125,60.107994079589844,52.38095474243164,52.38095474243164,70,60.000003814697266,55,25,0,0,12.626595497131348,17179869184,3221225472,10728931328,1858928640
199,1760586268440,3228,3228,3228,3228,3228,3228,3228,3228,63.3935432434082,60.019229888916016,59.214622497558594,61.80339050292969,66.36621856689453,65.8486557006836,60.745361328125,57.6300163269043,57.835235595703125,60.107994079589844,80.95238494873047,76.19047546386719,55,38.095237731933594,52.38095474243164,22.72727394104004,0,0,12.626595497131348,17179869184,3221225472,10809507840,1858928640
209,1760586268640,3228,3228,3228,3228,3228,3228,3228,3228,63.3935432434082,60.019229888916016,59.214622497558594,61.80339050292969,66.36621856689453,65.8486557006836,60.745361328125,57.6300163269043,57.835235595703125,60.107994079589844,52.6315803527832,42.105262756347656,80.95238494873047,76.19047546386719,85,60.000003814697266,42.85714340209961,25,12.280203819274902,17179869184,3221225472,10691936256,1858928640
200,1760586268850,3228,3228,3228,3228,3228,3228,3228,3228,63.3935432434082,60.019229888916016,59.214622497558594,61.80339050292969,66.36621856689453,65.8486557006836,60.745361328125,57.6300163269043,57.835235595703125,60.107994079589844,54.54545593261719,57.142860412597656,90,70,47.619049072265625,40,9.523809432983398,0,12.280203819274902,17179869184,3221225472,9602088960,1858928640
209,1760586269051,3228,3228,3228,3228,3228,3228,3228,3228,63.35694122314453,61.01137924194336,60.971275329589844,64.97875213623047,65.10643005371094,64.6428451538086,63.31623077392578,59.415916442871094,58.1483268737793,60.018089294433594,57.894737243652344,66.66667175292969,45,20,45,5,0,0,12.280203819274902,17179869184,3221225472,9842933760,1858928640
209,1760586269261,3228,3228,3228,3228,3228,3228,3228,3228,63.35694122314453,61.01137924194336,60.971275329589844,64.97875213623047,65.10643005371094,64.6428451538086,63.31623077392578,59.415916442871094,58.1483268737793,60.018089294433594,50,52.38095474243164,4.545454502105713,0,100,0,0,0,12.280203819274902,17179869184,3221225472,10115121152,1858928640
203,1760586269471,3228,3228,3228,3228,3228,3228,3228,3228,63.35694122314453,61.01137924194336,60.971275329589844,64.97875213623047,65.10643005371094,64.6428451538086,63.31623077392578,59.415916442871094,58.1483268737793,60.018089294433594,80.95238494873047,60.000003814697266,65,14.285715103149414,13.636363983154297,13.636363983154297,0,0,12.280203819274902,17179869184,3221225472,10367238144,1858928640
209,1760586269674,3228,3228,3228,3228,3228,3228,3228,3228,63.35694122314453,61.01137924194336,60.971275329589844,64.97875213623047,65.10643005371094,64.6428451538086,63.31623077392578,59.415916442871094,58.1483268737793,60.018089294433594,45,52.38095474243164,38.095237731933594,23.809524536132813,80,10,0,4.761904716491699,12.201434135437012,17179869184,3221225472,10607738880,1858928640
204,1760586269884,3228,3228,3228,3228,3228,3228,3228,3228,63.35694122314453,61.01137924194336,60.971275329589844,64.97875213623047,65.10643005371094,64.6428451538086,63.31623077392578,59.415916442871094,58.1483268737793,60.018089294433594,52.38095474243164,65,31.81818199157715,61.904762268066406,13.636363983154297,0,0,0,12.201434135437012,17179869184,3221225472,10694148096,1858928640
200,1760586270088,3228,3228,3228,3228,3228,3228,3228,3228,63.498085021972656,60.46603012084961,60.76441192626953,64.11317443847656,65.47945404052734,66.64170837402344,61.39829635620117,58.49677276611328,58.527320861816406,60.909698486328125,61.904762268066406,76.19047546386719,63.15789031982422,10,10,14.285715103149414,0,0,12.201434135437012,17179869184,3221225472,10730127360,1858928640
209,1760586270289,3228,3228,3228,3228,3228,3228,3228,3228,63.498085021972656,60.46603012084961,60.76441192626953,64.11317443847656,65.47945404052734,66.64170837402344,61.39829635620117,58.49677276611328,58.527320861816406,60.909698486328125,42.105262756347656,60.000003814697266,47.619049072265625,55,35,0,0,0,12.201434135437012,17179869184,3221225472,10730127360,1858928640
209,1760586270499,3228,3228,3228,3228,3228,3228,3228,3228,63.498085021972656,60.46603012084961,60.76441192626953,64.11317443847656,65.47945404052734,66.64170837402344,61.39829635620117,58.49677276611328,58.527320861816406,60.909698486328125,45.45454788208008,52.38095474243164,47.36842346191406,45.45454788208008,40,0,0,0,15.251822471618652,17179869184,3221225472,10730127360,1858928640
200,1760586270709,3228,3228,3228,3228,3228,3228,3228,3228,63.498085021972656,60.46603012084961,60.76441192626953,64.11317443847656,65.47945404052734,66.64170837402344,61.39829635620117,58.49677276611328,58.527320861816406,60.909698486328125,68.42105102539063,65,63.6363639831543,50,33.333335876464844,13.636363983154297,0,0,15.251822471618652,17179869184,3221225472,10730127360,1858928640
203,1760586270909,3228,3228,3228,3228,3228,3228,3228,3228,63.498085021972656,60.46603012084961,60.76441192626953,64.11317443847656,65.47945404052734,66.64170837402344,61.39829635620117,58.49677276611328,58.527320861816406,60.909698486328125,23.809524536132813,40,78.94737243652344,60.000003814697266,50,20,0,0,15.251822471618652,17179869184,3221225472,11245862912,1858928640
205,1760586271113,3228,3228,3228,3228,3228,3228,3228,3228,62.701805114746094,60.063148498535156,60.2506103515625,63.4060173034668,63.78417205810547,62.70275115966797,60.97157669067383,57.783111572265625,57.44446563720703,59.602012634277344,19.047618865966797,20,70,68.42105102539063,57.142860412597656,55,0,0,15.251822471618652,17179869184,3221225472,11566432256,1858928640
201,1760586271318,3228,3228,3228,3228,3228,3228,3228,3228,62.701805114746094,60.063148498535156,60.2506103515625,63.4060173034668,63.78417205810547,62.70275115966797,60.97157669067383,57.783111572265625,57.44446563720703,59.602012634277344,15.789472579956055,19.047618865966797,59.09090805053711,63.6363639831543,57.142860412597656,66.66667175292969,0,0,15.251822471618652,17179869184,3221225472,11682004992,1858928640
201,1760586271520,3228,3228,3228,3228,3228,3228,3228,3228,62.701805114746094,60.063148498535156,60.2506103515625,63.4060173034668,63.78417205810547,62.70275115966797,60.97157669067383,57.783111572265625,57.44446563720703,59.602012634277344,35,40,50,55,57.894737243652344,45,9.523809432983398,0,12.622581481933594,17179869184,3221225472,11693981696,1858928640
209,1760586271722,3228,3228,3228,3228,3228,3228,3228,3228,62.701805114746094,60.063148498535156,60.2506103515625,63.4060173034668,63.78417205810547,62.70275115966797,60.97157669067383,57.783111572265625,57.44446563720703,59.602012634277344,70,60.000003814697266,50,47.36842346191406,35,10,0,0,12.622581481933594,17179869184,3221225472,11693834240,1858928640
209,1760586271932,3228,3228,3228,3228,3228,3228,3228,3228,62.701805114746094,60.063148498535156,60.2506103515625,63.4060173034668,63.78417205810547,62.70275115966797,60.97157669067383,57.783111572265625,57.44446563720703,59.602012634277344,38.095237731933594,38.095237731933594,55,54.54545593261719,38.095237731933594,40.90909194946289,9.523809432983398,4.545454502105713,12.622581481933594,17179869184,3221225472,11709874176,1858928640
207,1760586272142,3228,3228,3228,3228,3228,3228,3228,3228,61.90607452392578,60.607688903808594,59.417091369628906,61.959327697753906,62.510643005371094,61.60447311401367,62.43537521362305,58.232330322265625,56.927146911621094,59.30750274658203,45,42.85714340209961,80.95238494873047,33.333335876464844,31.81818199157715,5,4.761904716491699,0,12.622581481933594,17179869184,3221225472,11061035008,1858928640
209,1760586272350,3228,3228,3228,3228,3228,3228,3228,3228,61.90607452392578,60.607688903808594,59.417091369628906,61.959327697753906,62.510643005371094,61.60447311401367,62.43537521362305,58.232330322265625,56.927146911621094,59.30750274658203,33.333335876464844,30.000001907348633,85.71428680419922,70,26.3157901763916,15.000000953674316,5,0,12.622581481933594,17179869184,3221225472,11061035008,1858928640
209,1760586272560,3228,3228,3228,3228,3228,3228,3228,3228,61.90607452392578,60.607688903808594,59.417091369628906,61.959327697753906,62.510643005371094,61.60447311401367,62.43537521362305,58.232330322265625,56.927146911621094,59.30750274658203,50,38.095237731933594,61.904762268066406,45.45454788208008,59.09090805053711,13.636363983154297,4.545454502105713,0,11.822754859924316,17179869184,3221225472,11061035008,1858928640
203,1760586272770,3228,3228,3228,3228,3228,3228,3228,3228,61.90607452392578,60.607688903808594,59.417091369628906,61.959327697753906,62.510643005371094,61.60447311401367,62.43537521362305,58.232330322265625,56.927146911621094,59.30750274658203,28.571430206298828,33.333335876464844,90.47618865966797,45,40.90909194946289,14.285715103149414,4.761904716491699,4.761904716491699,11.822754859924316,17179869184,3221225472,11061035008,1858928640
209,1760586272973,3228,3228,3228,3228,3228,3228,3228,3228,61.90607452392578,60.607688903808594,59.417091369628906,61.959327697753906,62.510643005371094,61.60447311401367,62.43537521362305,58.232330322265625,56.927146911621094,59.30750274658203,57.894737243652344,42.85714340209961,85.71428680419922,52.38095474243164,20,5,0,0,11.822754859924316,17179869184,3221225472,11224170496,1858928640
205,1760586273183,3228,3228,3228,3228,3228,3228,3228,3228,63.97286605834961,60.857486724853516,62.339141845703125,68.1231918334961,66.23558807373047,65.50497436523438,61.48488235473633,59.69569396972656,58.56680679321289,60.97038269042969,45.45454788208008,57.142860412597656,45,76.19047546386719,14.285715103149414,5,0,4.761904716491699,11.822754859924316,17179869184,3221225472,11414749184,1858928640
209,1760586273389,3228,3228,3228,3228,3228,3228,3228,3228,63.97286605834961,60.857486724853516,62.339141845703125,68.1231918334961,66.23558807373047,65.50497436523438,61.48488235473633,59.69569396972656,58.56680679321289,60.97038269042969,45,35,52.38095474243164,90,5.263157844543457,14.285715103149414,9.090909004211426,0,11.822754859924316,17179869184,3221225472,11553685504,1858928640
209,1760586273599,3228,3228,3228,3228,3228,3228,3228,3228,63.97286605834961,60.857486724853516,62.339141845703125,68.1231918334961,66.23558807373047,65.50497436523438,61.48488235473633,59.69569396972656,58.56680679321289,60.97038269042969,76.19047546386719,71.42857360839844,61.904762268066406,28.571430206298828,22.72727394104004,13.636363983154297,0,0,13.445684432983398,17179869184,3221225472,11553685504,1858928640
209,1760586273809,3228,3228,3228,3228,3228,3228,3228,3228,63.97286605834961,60.857486724853516,62.339141845703125,68.1231918334961,66.23558807373047,65.50497436523438,61.48488235473633,59.69569396972656,58.56680679321289,60.97038269042969,47.619049072265625,45,72.7272720336914,42.85714340209961,20,19.047618865966797,0,0,13.445684432983398,17179869184,3221225472,11553685504,1858928640
198,1760586274021,3228,3228,3228,3228,3228,3228,3228,3228,63.97286605834961,60.857486724853516,62.339141845703125,68.1231918334961,66.23558807373047,65.50497436523438,61.48488235473633,59.69569396972656,58.56680679321289,60.97038269042969,45,40.90909194946289,71.42857360839844,42.85714340209961,27.272727966308594,14.285715103149414,0,0,13.445684432983398,17179869184,3221225472,11733843968,1858928640
203,1760586274219,3228,3228,3228,3228,3228,3228,3228,3228,64.0162582397461,60.813446044921875,61.38780212402344,65.87483215332031,66.63539123535156,63.62694549560547,61.943843841552734,59.12379837036133,58.54996871948242,60.56787872314453,60.000003814697266,57.894737243652344,73.68421173095703,31.57894515991211,15.789472579956055,10.526315689086914,5,9.523809432983398,13.445684432983398,17179869184,3221225472,11782291456,1858928640
209,1760586274423,3228,3228,3228,3228,3228,3228,3228,3228,64.0162582397461,60.813446044921875,61.38780212402344,65.87483215332031,66.63539123535156,63.62694549560547,61.943843841552734,59.12379837036133,58.54996871948242,60.56787872314453,57.142860412597656,42.85714340209961,61.904762268066406,33.333335876464844,27.272727966308594,13.636363983154297,10,5.263157844543457,13.445684432983398,17179869184,3221225472,11825446912,1858928640
209,1760586274633,3228,3228,3228,3228,3228,3228,3228,3228,64.0162582397461,60.813446044921875,61.38780212402344,65.87483215332031,66.63539123535156,63.62694549560547,61.943843841552734,59.12379837036133,58.54996871948242,60.56787872314453,52.38095474243164,42.85714340209961,73.68421173095703,47.619049072265625,19.047618865966797,5,0,0,14.733595848083496,17179869184,3221225472,11887296512,1858928640
209,1760586274843,3228,3228,3228,3228,3228,3228,3228,3228,64.0162582397461,60.813446044921875,61.38780212402344,65.87483215332031,66.63539123535156,63.62694549560547,61.943843841552734,59.12379837036133,58.54996871948242,60.56787872314453,55,38.095237731933594,56.52173614501953,54.54545593261719,40,9.523809432983398,9.523809432983398,0,14.733595848083496,17179869184,3221225472,11979931648,1858928640
199,1760586275053,3228,3228,3228,3228,3228,3228,3228,3228,63.27178955078125,60.799930572509766,61.379600524902344,65.85154724121094,64.57193756103516,63.093692779541016,61.946468353271484,59.06321716308594,58.607177734375,60.28248596191406,50,57.142860412597656,55,35,19.047618865966797,33.333335876464844,0,0,14.733595848083496,17179869184,3221225472,12092014592,1858928640
203,1760586275253,3228,3228,3228,3228,3228,3228,3228,3228,63.27178955078125,60.799930572509766,61.379600524902344,65.85154724121094,64.57193756103516,63.093692779541016,61.946468353271484,59.06321716308594,58.607177734375,60.28248596191406,50,45,73.68421173095703,50,35,25,5,5,14.733595848083496,17179869184,3221225472,12196462592,1858928640
209,1760586275456,3228,3228,3228,3228,3228,3228,3228,3228,63.27178955078125,60.799930572509766,61.379600524902344,65.85154724121094,64.57193756103516,63.093692779541016,61.946468353271484,59.06321716308594,58.607177734375,60.28248596191406,36.842105865478516,52.6315803527832,57.142860412597656,47.619049072265625,25,23.809524536132813,9.523809432983398,9.523809432983398,14.733595848083496,17179869184,3221225472,12196462592,1858928640
206,1760586275666,3228,3228,3228,3228,3228,3228,3228,3228,63.27178955078125,60.799930572509766,61.379600524902344,65.85154724121094,64.57193756103516,63.093692779541016,61.946468353271484,59.06321716308594,58.607177734375,60.28248596191406,42.85714340209961,36.3636360168457,61.904762268066406,38.095237731933594,23.809524536132813,38.095237731933594,0,0,13.074809074401855,17179869184,3221225472,12196462592,1858928640
203,1760586275873,3228,3228,3228,3228,3228,3228,3228,3228,63.27178955078125,60.799930572509766,61.379600524902344,65.85154724121094,64.57193756103516,63.093692779541016,61.946468353271484,59.06321716308594,58.607177734375,60.28248596191406,57.142860412597656,52.38095474243164,66.66667175292969,40,42.85714340209961,30.000001907348633,14.285715103149414,0,13.074809074401855,17179869184,3221225472,12196462592,1858928640
209,1760586276077,3228,3228,3228,3228,3228,3228,3228,3228,63.3511962890625,61.27888488769531,61.10797882080078,65.16275024414063,64.37012481689453,63.22721862792969,63.32478332519531,59.688926696777344,58.505008697509766,60.29686737060547,65,65,60.000003814697266,40,19.047618865966797,10,0,0,13.074809074401855,17179869184,3221225472,12648677376,1858928640
209,1760586276286,3228,3228,3228,3228,3228,3228,3228,3228,63.3511962890625,61.27888488769531,61.10797882080078,65.16275024414063,64.37012481689453,63.22721862792969,63.32478332519531,59.688926696777344,58.505008697509766,60.29686737060547,61.904762268066406,45,50,33.333335876464844,25,9.523809432983398,4.545454502105713,0,13.074809074401855,17179869184,3221225472,12740001792,1858928640
200,1760586276496,3228,3228,3228,3228,3228,3228,3228,3228,63.3511962890625,61.27888488769531,61.10797882080078,65.16275024414063,64.37012481689453,63.22721862792969,63.32478332519531,59.688926696777344,58.505008697509766,60.29686737060547,70,66.66667175292969,47.619049072265625,23.809524536132813,31.81818199157715,13.636363983154297,0,4.545454502105713,13.6392822265625,17179869184,3221225472,12740001792,1858928640
201,1760586276697,3228,3228,3228,3228,3228,3228,3228,3228,63.3511962890625,61.27888488769531,61.10797882080078,65.16275024414063,64.37012481689453,63.22721862792969,63.32478332519531,59.688926696777344,58.505008697509766,60.29686737060547,76.19047546386719,80,57.142860412597656,23.809524536132813,15.789472579956055,0,0,0,13.6392822265625,17179869184,3221225472,12740001792,1858928640
202,1760586276898,3228,3228,3228,3228,3228,3228,3228,3228,63.3511962890625,61.27888488769531,61.10797882080078,65.16275024414063,64.37012481689453,63.22721862792969,63.32478332519531,59.688926696777344,58.505008697509766,60.29686737060547,63.15789031982422,60.000003814697266,45,36.842105865478516,25,4.761904716491699,5,0,13.6392822265625,17179869184,3221225472,12740001792,1858928640
204,1760586277101,3228,3228,3228,3228,3228,3228,3228,3228,62.679969787597656,60.55514907836914,60.613548278808594,64.0799560546875,63.66728210449219,62.81346893310547,61.20884323120117,58.37892150878906,57.858673095703125,59.775733947753906,28.571430206298828,25,70,61.904762268066406,57.142860412597656,50,5,5,13.6392822265625,17179869184,3221225472,13260767232,1858928640
208,1760586277305,3228,3228,3228,3228,3228,3228,3228,3228,62.679969787597656,60.55514907836914,60.613548278808594,64.0799560546875,63.66728210449219,62.81346893310547,61.20884323120117,58.37892150878906,57.858673095703125,59.775733947753906,19.047618865966797,30.000001907348633,52.38095474243164,60.000003814697266,57.894737243652344,70,0,0,13.6392822265625,17179869184,3221225472,13330366464,1858928640
199,1760586277514,3228,3228,3228,3228,3228,3228,3228,3228,62.679969787597656,60.55514907836914,60.613548278808594,64.0799560546875,63.66728210449219,62.81346893310547,61.20884323120117,58.37892150878906,57.858673095703125,59.775733947753906,10.526315689086914,14.285715103149414,47.619049072265625,57.142860412597656,59.09090805053711,61.904762268066406,0,0,12.891385078430176,17179869184,3221225472,13343014912,1858928640
200,1760586277714,3228,3228,3228,3228,3228,3228,3228,3228,62.679969787597656,60.55514907836914,60.613548278808594,64.0799560546875,63.66728210449219,62.81346893310547,61.20884323120117,58.37892150878906,57.858673095703125,59.775733947753906,9.523809432983398,9.523809432983398,44.4444465637207,60.000003814697266,57.894737243652344,65,5,0,12.891385078430176,17179869184,3221225472,13345718272,1858928640
209,1760586277915,3228,3228,3228,3228,3228,3228,3228,3228,62.679969787597656,60.55514907836914,60.613548278808594,64.0799560546875,63.66728210449219,62.81346893310547,61.20884323120117,58.37892150878906,57.858673095703125,59.775733947753906,10,5,47.619049072265625,60.000003814697266,61.904762268066406,60.000003814697266,0,0,12.891385078430176,17179869184,3221225472,13349240832,1858928640
209,1760586278125,3228,3228,3228,3228,3228,3228,3228,3228,61.987125396728516,61.26565170288086,59.27228546142578,61.37335205078125,62.177101135253906,61.63142013549805,63.002567291259766,58.28211975097656,57.35237503051758,59.31916046142578,4.761904716491699,5,42.85714340209961,57.142860412597656,57.142860412597656,66.66667175292969,0,0,12.891385078430176,17179869184,3221225472,13351141376,1858928640
209,1760586278335,3228,3228,3228,3228,3228,3228,3228,3228,61.987125396728516,61.26565170288086,59.27228546142578,61.37335205078125,62.177101135253906,61.63142013549805,63.002567291259766,58.28211975097656,57.35237503051758,59.31916046142578,5,9.090909004211426,45.45454788208008,61.904762268066406,57.142860412597656,66.66667175292969,0,0,12.891385078430176,17179869184,3221225472,13347962880,1858928640
205,1760586278545,3228,3228,3228,3228,3228,3228,3228,3228,61.987125396728516,61.26565170288086,59.27228546142578,61.37335205078125,62.177101135253906,61.63142013549805,63.002567291259766,58.28211975097656,57.35237503051758,59.31916046142578,27.272727966308594,25,45,55,57.142860412597656,47.619049072265625,0,0,12.181859016418457,17179869184,3221225472,13299777536,1858928640
205,1760586278750,3228,3228,3228,3228,3228,3228,3228,3228,61.987125396728516,61.26565170288086,59.27228546142578,61.37335205078125,62.177101135253906,61.63142013549805,63.002567291259766,58.28211975097656,57.35237503051758,59.31916046142578,85,85,38.095237731933594,59.09090805053711,38.095237731933594,5,0,0,12.181859016418457,17179869184,3221225472,13299777536,1858928640
209,1760586278956,3228,3228,3228,3228,3228,3228,3228,3228,61.987125396728516,61.26565170288086,59.27228546142578,61.37335205078125,62.177101135253906,61.63142013549805,63.002567291259766,58.28211975097656,57.35237503051758,59.31916046142578,85.71428680419922,81.81818389892578,60.000003814697266,47.36842346191406,40,5,4.761904716491699,0,12.181859016418457,17179869184,3221225472,13299777536,1858928640
206,1760586279166,3228,3228,3228,3228,3228,3228,3228,3228,61.871578216552734,60.75392150878906,59.17229461669922,61.24403381347656,62.192543029785156,61.44670486450195,61.32593536376953,57.47666931152344,57.42361831665039,59.03718566894531,80,73.68421173095703,47.619049072265625,36.3636360168457,30.000001907348633,14.285715103149414,0,0,12.181859016418457,17179869184,3221225472,13391380480,1858928640
201,1760586279372,3228,3228,3228,3228,3228,3228,3228,3228,61.871578216552734,60.75392150878906,59.17229461669922,61.24403381347656,62.192543029785156,61.44670486450195,61.32593536376953,57.47666931152344,57.42361831665039,59.03718566894531,42.85714340209961,52.38095474243164,50,30.000001907348633,36.3636360168457,13.636363983154297,0,0,12.181859016418457,17179869184,3221225472,13466681344,1858928640
203,1760586279574,3228,3228,3228,3228,3228,3228,3228,3228,61.871578216552734,60.75392150878906,59.17229461669922,61.24403381347656,62.192543029785156,61.44670486450195,61.32593536376953,57.47666931152344,57.42361831665039,59.03718566894531,45,50,61.904762268066406,55,31.57894515991211,15.789472579956055,10,10,11.364415168762207,17179869184,3221225472,13527793664,1920991232
207,1760586279778,3228,3228,3228,3228,3228,3228,3228,3228,61.871578216552734,60.75392150878906,59.17229461669922,61.24403381347656,62.192543029785156,61.44670486450195,61.32593536376953,57.47666931152344,57.42361831665039,59.03718566894531,70,71.42857360839844,60.000003814697266,55,45,45,33.333335876464844,33.333335876464844,11.364415168762207,17179869184,3221225472,13532086272,2101477376
200,1760586279986,3228,3228,3228,3228,3228,3228,3228,3228,61.871578216552734,60.75392150878906,59.17229461669922,61.24403381347656,62.192543029785156,61.44670486450195,61.32593536376953,57.47666931152344,57.42361831665039,59.03718566894531,52.38095474243164,42.85714340209961,70,60.000003814697266,54.54545593261719,45,21.052631378173828,10,11.364415168762207,17179869184,3221225472,13529432064,2306998272
201,1760586280186,3228,3228,3228,3228,3228,3228,3228,3228,61.76035690307617,60.73345947265625,59.32362365722656,62.23552322387695,62.446563720703125,61.94160842895508,61.64114761352539,58.350257873535156,58.40483856201172,59.55790710449219,31.57894515991211,36.842105865478516,71.42857360839844,66.66667175292969,55.55555725097656,45,38.095237731933594,30.000001907348633,11.364415168762207,17179869184,3221225472,13541113856,2547318784
205,1760586280387,3228,3228,3228,3228,3228,3228,3228,3228,61.76035690307617,60.73345947265625,59.32362365722656,62.23552322387695,62.446563720703125,61.94160842895508,61.64114761352539,58.350257873535156,58.40483856201172,59.55790710449219,57.142860412597656,60.000003814697266,73.68421173095703,70,57.142860412597656,33.333335876464844,16.666667938232422,15.000000953674316,11.364415168762207,17179869184,3221225472,13540392960,2806054912
202,1760586280593,3228,3228,3228,3228,3228,3228,3228,3228,61.76035690307617,60.73345947265625,59.32362365722656,62.23552322387695,62.446563720703125,61.94160842895508,61.64114761352539,58.350257873535156,58.40483856201172,59.55790710449219,55,52.38095474243164,70,70,57.894737243652344,35,22.72727394104004,10,10.383345603942871,17179869184,4294967296,13533741056,3079143424
207,1760586280796,3228,3228,3228,3228,3228,3228,3228,3228,61.76035690307617,60.73345947265625,59.32362365722656,62.23552322387695,62.446563720703125,61.94160842895508,61.64114761352539,58.350257873535156,58.40483856201172,59.55790710449219,80,75,75,60.000003814697266,60.000003814697266,42.105262756347656,25,10,10.383345603942871,17179869184,4294967296,13530529792,3346006016
209,1760586281003,3228,3228,3228,3228,3228,3228,3228,3228,61.76035690307617,60.73345947265625,59.32362365722656,62.23552322387695,62.446563720703125,61.94160842895508,61.64114761352539,58.350257873535156,58.40483856201172,59.55790710449219,38.095237731933594,65,47.619049072265625,52.38095474243164,47.619049072265625,35,20,19.047618865966797,10.383345603942871,17179869184,4294967296,13530529792,3468492800
199,1760586281213,3228,3228,3228,3228,3228,3228,3228,3228,63.75082015991211,62.50899887084961,61.182777404785156,64.80924987792969,65.74664306640625,65.25332641601563,64.0628662109375,60.6346321105957,59.96895980834961,61.11302947998047,50,47.619049072265625,76.19047546386719,71.42857360839844,33.333335876464844,27.272727966308594,9.523809432983398,19.047618865966797,10.383345603942871,17179869184,4294967296,13527678976,3551592448
200,1760586281413,3228,3228,3228,3228,3228,3228,3228,3228,63.75082015991211,62.50899887084961,61.182777404785156,64.80924987792969,65.74664306640625,65.25332641601563,64.0628662109375,60.6346321105957,59.96895980834961,61.11302947998047,60.000003814697266,71.42857360839844,88.8888931274414,68.42105102539063,50,21.052631378173828,20,5,10.383345603942871,17179869184,4294967296,13508263936,3569352704
209,1760586281613,3228,3228,3228,3228,3228,3228,3228,3228,63.75082015991211,62.50899887084961,61.182777404785156,64.80924987792969,65.74664306640625,65.25332641601563,64.0628662109375,60.6346321105957,59.96895980834961,61.11302947998047,70,47.36842346191406,85.71428680419922,80.95238494873047,40,33.333335876464844,5,0,18.24871826171875,17179869184,4294967296,13508263936,3577544704
199,1760586281822,3228,3228,3228,3228,3228,3228,3228,3228,63.75082015991211,62.50899887084961,61.182777404785156,64.80924987792969,65.74664306640625,65.25332641601563,64.0628662109375,60.6346321105957,59.96895980834961,61.11302947998047,36.3636360168457,47.619049072265625,90.47618865966797,80,61.904762268066406,35,19.047618865966797,9.523809432983398,18.24871826171875,17179869184,4294967296,13508263936,3599433728
200,1760586282022,3228,3228,3228,3228,3228,3228,3228,3228,63.75082015991211,62.50899887084961,61.182777404785156,64.80924987792969,65.74664306640625,65.25332641601563,64.0628662109375,60.6346321105957,59.96895980834961,61.11302947998047,63.15789031982422,35,89.47368621826172,68.42105102539063,50,35,5.263157844543457,10,18.24871826171875,17179869184,4294967296,13508263936,3638951936
200,1760586282223,3228,3228,3228,3228,3228,3228,3228,3228,63.50908660888672,61.63652801513672,61.09539794921875,64.82374572753906,64.89302062988281,63.75370788574219,62.74737548828125,59.37477111816406,58.725345611572266,60.22529602050781,73.68421173095703,35,90,70,40,36.842105865478516,19.047618865966797,5,18.24871826171875,17179869184,4294967296,13531873280,3704029184
203,1760586282424,3228,3228,3228,3228,3228,3228,3228,3228,63.50908660888672,61.63652801513672,61.09539794921875,64.82374572753906,64.89302062988281,63.75370788574219,62.74737548828125,59.37477111816406,58.725345611572266,60.22529602050781,57.142860412597656,68.42105102539063,95,71.42857360839844,42.105262756347656,28.571430206298828,20,10,18.24871826171875,17179869184,4294967296,13527269376,3768844288
209,1760586282627,3228,3228,3228,3228,3228,3228,3228,3228,63.50908660888672,61.63652801513672,61.09539794921875,64.82374572753906,64.89302062988281,63.75370788574219,62.74737548828125,59.37477111816406,58.725345611572266,60.22529602050781,45,52.38095474243164,85,68.42105102539063,47.619049072265625,38.095237731933594,15.000000953674316,9.523809432983398,16.44036102294922,17179869184,4294967296,13526925312,3834707968
209,1760586282837,3228,3228,3228,3228,3228,3228,3228,3228,63.50908660888672,61.63652801513672,61.09539794921875,64.82374572753906,64.89302062988281,63.75370788574219,62.74737548828125,59.37477111816406,58.725345611572266,60.22529602050781,57.142860412597656,66.66667175292969,85.71428680419922,77.2727279663086,19.047618865966797,10,4.761904716491699,0,16.44036102294922,17179869184,4294967296,12631687168,3861774336
208,1760586283047,3228,3228,3228,3228,3228,3228,3228,3228,63.604427337646484,61.3609619140625,61.37724304199219,65.2547607421875,65.0101089477539,63.454349517822266,62.497501373291016,59.830535888671875,58.762451171875,60.084228515625,66.66667175292969,57.142860412597656,19.047618865966797,55,25,0,0,0,16.44036102294922,17179869184,4294967296,10688331776,3844997120
200,1760586283256,3228,3228,3228,3228,3228,3228,3228,3228,63.604427337646484,61.3609619140625,61.37724304199219,65.2547607421875,65.0101089477539,63.454349517822266,62.497501373291016,59.830535888671875,58.762451171875,60.084228515625,47.619049072265625,35,33.333335876464844,47.619049072265625,27.272727966308594,4.761904716491699,9.090909004211426,4.761904716491699,16.44036102294922,17179869184,4294967296,10839769088,3811442688
209,1760586283456,3228,3228,3228,3228,3228,3228,3228,3228,63.604427337646484,61.3609619140625,61.37724304199219,65.2547607421875,65.0101089477539,63.454349517822266,62.497501373291016,59.830535888671875,58.762451171875,60.084228515625,47.36842346191406,60.000003814697266,5.263157844543457,60.000003814697266,0,0,0,0,16.44036102294922,17179869184,4294967296,10979508224,3769499648
207,1760586283666,3228,3228,3228,3228,3228,3228,3228,3228,63.604427337646484,61.3609619140625,61.37724304199219,65.2547607421875,65.0101089477539,63.454349517822266,62.497501373291016,59.830535888671875,58.762451171875,60.084228515625,28.571430206298828,38.095237731933594,4.761904716491699,57.142860412597656,0,0,0,0,16.435504913330078,17179869184,4294967296,11129880576,3727556608
204,1760586283873,3228,3228,3228,3228,3228,3228,3228,3228,63.604427337646484,61.3609619140625,61.37724304199219,65.2547607421875,65.0101089477539,63.454349517822266,62.497501373291016,59.830535888671875,58.762451171875,60.084228515625,63.6363639831543,61.904762268066406,4.761904716491699,60.000003814697266,0,0,0,0,16.435504913330078,17179869184,4294967296,11274272768,3694002176
206,1760586284078,3228,3228,3228,3228,3228,3228,3228,3228,64.71846771240234,60.3232421875,60.68079376220703,64.23268127441406,69.29711151123047,64.63184356689453,60.428707122802734,58.498226165771484,58.65546417236328,59.93701934814453,50,55,0,61.904762268066406,0,0,0,0,16.435504913330078,17179869184,4294967296,11414405120,3652059136
209,1760586284285,3228,3228,3228,3228,3228,3228,3228,3228,64.71846771240234,60.3232421875,60.68079376220703,64.23268127441406,69.29711151123047,64.63184356689453,60.428707122802734,58.498226165771484,58.65546417236328,59.93701934814453,65,75,4.761904716491699,60.000003814697266,0,0,0,0,16.435504913330078,17179869184,4294967296,11558682624,3618504704
209,1760586284495,3228,3228,3228,3228,3228,3228,3228,3228,64.71846771240234,60.3232421875,60.68079376220703,64.23268127441406,69.29711151123047,64.63184356689453,60.428707122802734,58.498226165771484,58.65546417236328,59.93701934814453,57.142860412597656,23.809524536132813,10,57.142860412597656,4.761904716491699,4.545454502105713,0,0,13.467792510986328,17179869184,4294967296,11707351040,3584950272
201,1760586284705,3228,3228,3228,3228,3228,3228,3228,3228,64.71846771240234,60.3232421875,60.68079376220703,64.23268127441406,69.29711151123047,64.63184356689453,60.428707122802734,58.498226165771484,58.65546417236328,59.93701934814453,61.904762268066406,36.3636360168457,19.047618865966797,59.09090805053711,14.285715103149414,0,0,4.761904716491699,13.467792510986328,17179869184,4294967296,11849711616,3543007232
200,1760586284906,3228,3228,3228,3228,3228,3228,3228,3228,64.71846771240234,60.3232421875,60.68079376220703,64.23268127441406,69.29711151123047,64.63184356689453,60.428707122802734,58.498226165771484,58.65546417236328,59.93701934814453,45,45,9.523809432983398,60.000003814697266,4.761904716491699,0,0,0,13.467792510986328,17179869184,4294967296,11989827584,3509452800
199,1760586285107,3228,3228,3228,3228,3228,3228,3228,3228,64.62125396728516,60.35951232910156,60.53364562988281,63.95956039428711,69.73070526123047,64.79752349853516,60.527732849121094,58.442283630371094,58.525516510009766,60.053733825683594,70,63.15789031982422,25,50,10,4.761904716491699,0,0,13.467792510986328,17179869184,4294967296,12085805056,3475898368
209,1760586285307,3228,3228,3228,3228,3228,3228,3228,3228,64.62125396728516,60.35951232910156,60.53364562988281,63.95956039428711,69.73070526123047,64.79752349853516,60.527732849121094,58.442283630371094,58.525516510009766,60.053733825683594,50,52.38095474243164,26.3157901763916,57.894737243652344,15.789472579956055,0,0,0,13.467792510986328,17179869184,4294967296,12234506240,3450732544
209,1760586285517,3228,3228,3228,3228,3228,3228,3228,3228,64.62125396728516,60.35951232910156,60.53364562988281,63.95956039428711,69.73070526123047,64.79752349853516,60.527732849121094,58.442283630371094,58.525516510009766,60.053733825683594,57.142860412597656,65,31.81818199157715,42.85714340209961,9.523809432983398,0,0,0,12.897927284240723,17179869184,4294967296,12323356672,3417178112
209,1760586285727,3228,3228,3228,3228,3228,3228,3228,3228,64.62125396728516,60.35951232910156,60.53364562988281,63.95956039428711,69.73070526123047,64.79752349853516,60.527732849121094,58.442283630371094,58.525516510009766,60.053733825683594,85.71428680419922,90.47618865966797,20,31.81818199157715,0,0,0,0,12.897927284240723,17179869184,4294967296,12394283008,3391946752
208,1760586285937,3228,3228,3228,3228,3228,3228,3228,3228,64.62125396728516,60.35951232910156,60.53364562988281,63.95956039428711,69.73070526123047,64.79752349853516,60.527732849121094,58.442283630371094,58.525516510009766,60.053733825683594,71.42857360839844,70,50,35,23.809524536132813,9.523809432983398,4.761904716491699,0,12.897927284240723,17179869184,4294967296,12472434688,3358392320
209,1760586286146,3228,3228,3228,3228,3228,3228,3228,3228,63.754703521728516,60.2987174987793,60.914306640625,65.05911254882813,66.79399871826172,63.9429931640625,60.88826370239258,58.77658462524414,58.39305877685547,59.83757019042969,52.38095474243164,40.90909194946289,95.45454406738281,90.47618865966797,65,23.809524536132813,5,4.761904716491699,12.897927284240723,17179869184,4294967296,12536954880,3333226496
209,1760586286356,3228,3228,3228,3228,3228,3228,3228,3228,63.754703521728516,60.2987174987793,60.914306640625,65.05911254882813,66.79399871826172,63.9429931640625,60.88826370239258,58.77658462524414,58.39305877685547,59.83757019042969,70,42.85714340209961,50,42.85714340209961,18.18181800842285,19.047618865966797,0,0,12.897927284240723,17179869184,4294967296,12646842368,3308060672
209,1760586286566,3228,3228,3228,3228,3228,3228,3228,3228,63.754703521728516,60.2987174987793,60.914306640625,65.05911254882813,66.79399871826172,63.9429931640625,60.88826370239258,58.77658462524414,58.39305877685547,59.83757019042969,76.19047546386719,80.95238494873047,38.095237731933594,38.095237731933594,14.285715103149414,0,0,0,13.267441749572754,17179869184,4294967296,12778831872,3266117632
209,1760586286776,3228,3228,3228,3228,3228,3228,3228,3228,63.754703521728516,60.2987174987793,60.914306640625,65.05911254882813,66.79399871826172,63.9429931640625,60.88826370239258,58.77658462524414,58.39305877685547,59.83757019042969,76.19047546386719,85.71428680419922,28.571430206298828,38.095237731933594,9.523809432983398,0,0,0,13.267441749572754,17179869184,4294967296,12889260032,3240951808
204,1760586286986,3228,3228,3228,3228,3228,3228,3228,3228,63.754703521728516,60.2987174987793,60.914306640625,65.05911254882813,66.79399871826172,63.9429931640625,60.88826370239258,58.77658462524414,58.39305877685547,59.83757019042969,68.18181610107422,72.7272720336914,33.333335876464844,33.333335876464844,9.523809432983398,0,0,0,13.267441749572754,17179869184,4294967296,12997967872,3215654912
203,1760586287190,3228,3228,3228,3228,3228,3228,3228,3228,64.16986846923828,60.82715606689453,61.31158447265625,65.43611907958984,66.42861938476563,64.21401977539063,61.381595611572266,58.71976089477539,58.623050689697266,60.035972595214844,90,73.68421173095703,47.619049072265625,28.571430206298828,10,0,0,0,13.267441749572754,17179869184,4294967296,13117128704,3182100480
202,1760586287393,3228,3228,3228,3228,3228,3228,3228,3228,64.16986846923828,60.82715606689453,61.31158447265625,65.43611907958984,66.42861938476563,64.21401977539063,61.381595611572266,58.71976089477539,58.623050689697266,60.035972595214844,75,76.19047546386719,40,36.842105865478516,14.285715103149414,5,4.545454502105713,0,13.267441749572754,17179869184,4294967296,13247152128,3156934656
209,1760586287596,3228,3228,3228,3228,3228,3228,3228,3228,64.16986846923828,60.82715606689453,61.31158447265625,65.43611907958984,66.42861938476563,64.21401977539063,61.381595611572266,58.71976089477539,58.623050689697266,60.035972595214844,60.000003814697266,63.15789031982422,42.105262756347656,45,20,9.523809432983398,5,4.761904716491699,14.682526588439941,17179869184,4294967296,13332398080,3131768832
209,1760586287806,3228,3228,3228,3228,3228,3228,3228,3228,64.16986846923828,60.82715606689453,61.31158447265625,65.43611907958984,66.42861938476563,64.21401977539063,61.381595611572266,58.71976089477539,58.623050689697266,60.035972595214844,75,57.142860412597656,33.333335876464844,33.333335876464844,4.761904716491699,0,0,0,14.682526588439941,17179869184,4294967296,13415890944,3106603008
209,1760586288016,3228,3228,3228,3228,3228,3228,3228,3228,64.16986846923828,60.82715606689453,61.31158447265625,65.43611907958984,66.42861938476563,64.21401977539063,61.381595611572266,58.71976089477539,58.623050689697266,60.035972595214844,72.7272720336914,71.42857360839844,27.272727966308594,33.333335876464844,4.761904716491699,0,0,0,14.682526588439941,17179869184,4294967296,13488160768,3073048576
209,1760586288226,3228,3228,3228,3228,3228,3228,3228,3228,63.4033088684082,60.38480758666992,60.92974853515625,64.73468017578125,65.32151794433594,62.56484603881836,60.53509521484375,58.34471130371094,58.33884048461914,59.251182556152344,47.619049072265625,61.904762268066406,35,31.81818199157715,9.523809432983398,4.545454502105713,0,0,14.682526588439941,17179869184,4294967296,13525270528,3071213568
209,1760586288436,3228,3228,3228,3228,3228,3228,3228,3228,63.4033088684082,60.38480758666992,60.92974853515625,64.73468017578125,65.32151794433594,62.56484603881836,60.53509521484375,58.34471130371094,58.33884048461914,59.251182556152344,70,60.000003814697266,42.85714340209961,35,9.523809432983398,4.761904716491699,4.761904716491699,4.761904716491699,14.682526588439941,17179869184,4294967296,13531398144,3139043328
209,1760586288646,3228,3228,3228,3228,3228,3228,3228,3228,63.4033088684082,60.38480758666992,60.92974853515625,64.73468017578125,65.32151794433594,62.56484603881836,60.53509521484375,58.34471130371094,58.33884048461914,59.251182556152344,61.904762268066406,63.6363639831543,47.619049072265625,27.272727966308594,9.523809432983398,4.761904716491699,0,0,12.778776168823242,17179869184,4294967296,13526253568,3202351104
204,1760586288856,3228,3228,3228,3228,3228,3228,3228,3228,63.4033088684082,60.38480758666992,60.92974853515625,64.73468017578125,65.32151794433594,62.56484603881836,60.53509521484375,58.34471130371094,58.33884048461914,59.251182556152344,57.142860412597656,45,50,45,25,14.285715103149414,9.523809432983398,0,12.778776168823242,17179869184,4294967296,13528186880,3264413696
206,1760586289060,3228,3228,3228,3228,3228,3228,3228,3228,63.59825134277344,60.57612228393555,61.110755920410156,65.29436492919922,65.88365173339844,63.37906265258789,60.9176025390625,58.867347717285156,58.26967239379883,59.618553161621094,66.66667175292969,45.45454788208008,23.809524536132813,50,18.18181800842285,0,4.761904716491699,0,12.778776168823242,17179869184,4294967296,13528186880,3314614272
202,1760586289267,3228,3228,3228,3228,3228,3228,3228,3228,63.59825134277344,60.57612228393555,61.110755920410156,65.29436492919922,65.88365173339844,63.37906265258789,60.9176025390625,58.867347717285156,58.26967239379883,59.618553161621094,61.904762268066406,78.94737243652344,23.809524536132813,57.142860412597656,5.263157844543457,9.090909004211426,0,4.545454502105713,12.778776168823242,17179869184,4294967296,13528186880,3375890432
209,1760586289470,3228,3228,3228,3228,3228,3228,3228,3228,63.59825134277344,60.57612228393555,61.110755920410156,65.29436492919922,65.88365173339844,63.37906265258789,60.9176025390625,58.867347717285156,58.26967239379883,59.618553161621094,68.42105102539063,61.904762268066406,21.052631378173828,47.36842346191406,19.047618865966797,5,4.761904716491699,0,12.778776168823242,17179869184,4294967296,13530431488,3433103360
209,1760586289680,3228,3228,3228,3228,3228,3228,3228,3228,63.59825134277344,60.57612228393555,61.110755920410156,65.29436492919922,65.88365173339844,63.37906265258789,60.9176025390625,58.867347717285156,58.26967239379883,59.618553161621094,47.619049072265625,55,30.000001907348633,52.38095474243164,19.047618865966797,4.761904716491699,0,0,12.479430198669434,17179869184,4294967296,13531217920,3480289280
207,1760586289890,3228,3228,3228,3228,3228,3228,3228,3228,63.59825134277344,60.57612228393555,61.110755920410156,65.29436492919922,65.88365173339844,63.37906265258789,60.9176025390625,58.867347717285156,58.26967239379883,59.618553161621094,71.42857360839844,81.81818389892578,27.272727966308594,54.54545593261719,15.000000953674316,4.761904716491699,4.545454502105713,0,12.479430198669434,17179869184,4294967296,13527302144,3549626368
208,1760586290097,3228,3228,3228,3228,3228,3228,3228,3228,64.35392761230469,60.66789627075195,60.88652801513672,64.67559814453125,68.22086334228516,64.49879455566406,60.9761962890625,58.65945816040039,58.358726501464844,60.024444580078125,38.095237731933594,65,25,50,13.636363983154297,5,4.761904716491699,0,12.479430198669434,17179869184,4294967296,13534101504,3560439808
209,1760586290306,3228,3228,3228,3228,3228,3228,3228,3228,64.35392761230469,60.66789627075195,60.88652801513672,64.67559814453125,68.22086334228516,64.49879455566406,60.9761962890625,58.65945816040039,58.358726501464844,60.024444580078125,66.66667175292969,47.619049072265625,33.333335876464844,35,15.000000953674316,9.523809432983398,0,4.761904716491699,12.479430198669434,17179869184,4294967296,13536067584,3537633280
209,1760586290516,3228,3228,3228,3228,3228,3228,3228,3228,64.35392761230469,60.66789627075195,60.88652801513672,64.67559814453125,68.22086334228516,64.49879455566406,60.9761962890625,58.65945816040039,58.358726501464844,60.024444580078125,65,71.42857360839844,9.523809432983398,45.45454788208008,4.761904716491699,0,0,0,14.433675765991211,17179869184,4294967296,13526958080,3516727296
205,1760586290726,3228,3228,3228,3228,3228,3228,3228,3228,64.35392761230469,60.66789627075195,60.88652801513672,64.67559814453125,68.22086334228516,64.49879455566406,60.9761962890625,58.65945816040039,58.358726501464844,60.024444580078125,68.18181610107422,66.66667175292969,14.285715103149414,45,4.761904716491699,4.545454502105713,0,0,14.433675765991211,17179869184,4294967296,13529956352,3489005568
209,1760586290931,3228,3228,3228,3228,3228,3228,3228,3228,64.35392761230469,60.66789627075195,60.88652801513672,64.67559814453125,68.22086334228516,64.49879455566406,60.9761962890625,58.65945816040039,58.358726501464844,60.024444580078125,55,60.000003814697266,10,45,4.761904716491699,0,4.761904716491699,0,14.433675765991211,17179869184,4294967296,13527859200,3464691712
201,1760586291141,3228,3228,3228,3228,3228,3228,3228,3228,63.28969192504883,60.1144905090332,60.65576171875,64.23686218261719,65.40294647216797,62.27715301513672,60.45566177368164,58.56660842895508,58.43764114379883,59.411964416503906,75,63.6363639831543,14.285715103149414,45.45454788208008,0,0,4.761904716491699,0,14.433675765991211,17179869184,4294967296,13529120768,3439460352
209,1760586291343,3228,3228,3228,3228,3228,3228,3228,3228,63.28969192504883,60.1144905090332,60.65576171875,64.23686218261719,65.40294647216797,62.27715301513672,60.45566177368164,58.56660842895508,58.43764114379883,59.411964416503906,66.66667175292969,63.15789031982422,10,45,5,4.761904716491699,0,0,14.433675765991211,17179869184,4294967296,13529874432,3419144192
209,1760586291553,3228,3228,3228,3228,3228,3228,3228,3228,63.28969192504883,60.1144905090332,60.65576171875,64.23686218261719,65.40294647216797,62.27715301513672,60.45566177368164,58.56660842895508,58.43764114379883,59.411964416503906,47.619049072265625,47.619049072265625,30.000001907348633,47.619049072265625,23.809524536132813,9.523809432983398,9.090909004211426,9.090909004211426,13.895225524902344,17179869184,4294967296,13534265344,3407085568
201,1760586291763,3228,3228,3228,3228,3228,3228,3228,3228,63.28969192504883,60.1144905090332,60.65576171875,64.23686218261719,65.40294647216797,62.27715301513672,60.45566177368164,58.56660842895508,58.43764114379883,59.411964416503906,71.42857360839844,57.142860412597656,19.047618865966797,35,9.090909004211426,9.523809432983398,0,0,13.895225524902344,17179869184,4294967296,13535625216,3391094784
209,1760586291965,3228,3228,3228,3228,3228,3228,3228,3228,63.28969192504883,60.1144905090332,60.65576171875,64.23686218261719,65.40294647216797,62.27715301513672,60.45566177368164,58.56660842895508,58.43764114379883,59.411964416503906,52.6315803527832,60.000003814697266,15.000000953674316,40,10,0,0,0,13.895225524902344,17179869184,4294967296,13522698240,3381133312
209,1760586292175,3228,3228,3228,3228,3228,3228,3228,3228,63.103633880615234,59.94248962402344,60.38325500488281,64.1284408569336,65.46063995361328,62.337486267089844,60.50543975830078,58.37648010253906,58.21592712402344,59.355857849121094,72.7272720336914,66.66667175292969,14.285715103149414,38.095237731933594,4.761904716491699,4.761904716491699,4.545454502105713,0,13.895225524902344,17179869184,4294967296,13518602240,3371040768
209,1760586292385,3228,3228,3228,3228,3228,3228,3228,3228,63.103633880615234,59.94248962402344,60.38325500488281,64.1284408569336,65.46063995361328,62.337486267089844,60.50543975830078,58.37648010253906,58.21592712402344,59.355857849121094,55,63.6363639831543,15.000000953674316,42.85714340209961,9.523809432983398,9.090909004211426,0,0,13.895225524902344,17179869184,4294967296,13520191488,3345088512
209,1760586292595,3228,3228,3228,3228,3228,3228,3228,3228,63.103633880615234,59.94248962402344,60.38325500488281,64.1284408569336,65.46063995361328,62.337486267089844,60.50543975830078,58.37648010253906,58.21592712402344,59.355857849121094,54.54545593261719,55,19.047618865966797,42.85714340209961,4.761904716491699,4.761904716491699,4.545454502105713,4.545454502105713,12.248785972595215,17179869184,4294967296,13523238912,3327918080
200,1760586292805,3228,3228,3228,3228,3228,3228,3228,3228,63.103633880615234,59.94248962402344,60.38325500488281,64.1284408569336,65.46063995361328,62.337486267089844,60.50543975830078,58.37648010253906,58.21592712402344,59.355857849121094,90,80,9.523809432983398,42.85714340209961,4.761904716491699,4.761904716491699,0,0,12.248785972595215,17179869184,4294967296,13530267648,3312648192
209,1760586293005,3228,3228,3228,3228,3228,3228,3228,3228,63.103633880615234,59.94248962402344,60.38325500488281,64.1284408569336,65.46063995361328,62.337486267089844,60.50543975830078,58.37648010253906,58.21592712402344,59.355857849121094,61.904762268066406,57.142860412597656,36.842105865478516,36.842105865478516,21.052631378173828,5.263157844543457,10,5,12.248785972595215,17179869184,4294967296,13534871552,3306225664
207,1760586293215,3228,3228,3228,3228,3228,3228,3228,3228,62.652244567871094,59.85933303833008,59.907264709472656,63.74464797973633,65.01564025878906,62.24147415161133,60.4339714050293,58.44243621826172,58.1538200378418,58.94140625,38.095237731933594,70,19.047618865966797,47.619049072265625,14.285715103149414,9.090909004211426,0,0,12.248785972595215,17179869184,4294967296,13532954624,3295412224
209,1760586293423,3228,3228,3228,3228,3228,3228,3228,3228,62.652244567871094,59.85933303833008,59.907264709472656,63.74464797973633,65.01564025878906,62.24147415161133,60.4339714050293,58.44243621826172,58.1538200378418,58.94140625,60.000003814697266,42.85714340209961,15.000000953674316,47.619049072265625,9.523809432983398,4.761904716491699,4.545454502105713,0,12.248785972595215,17179869184,4294967296,13532954624,3290234880
202,1760586293633,3228,3228,3228,3228,3228,3228,3228,3228,62.652244567871094,59.85933303833008,59.907264709472656,63.74464797973633,65.01564025878906,62.24147415161133,60.4339714050293,58.44243621826172,58.1538200378418,58.94140625,66.66667175292969,66.66667175292969,18.18181800842285,42.85714340209961,4.761904716491699,0,0,0,11.621879577636719,17179869184,4294967296,13524697088,3275292672
209,1760586293836,3228,3228,3228,3228,3228,3228,3228,3228,62.652244567871094,59.85933303833008,59.907264709472656,63.74464797973633,65.01564025878906,62.24147415161133,60.4339714050293,58.44243621826172,58.1538200378418,58.94140625,60.000003814697266,50,15.789472579956055,33.333335876464844,4.761904716491699,0,0,0,11.621879577636719,17179869184,4294967296,13532119040,3245932544
209,1760586294046,3228,3228,3228,3228,3228,3228,3228,3228,62.67610549926758,59.63440704345703,60.17936706542969,63.57227325439453,64.9850845336914,61.910858154296875,60.278076171875,57.97166442871094,58.032875061035156,58.88542938232422,65,72.7272720336914,13.636363983154297,40,5,4.761904716491699,0,0,11.621879577636719,17179869184,4294967296,13531873280,3225812992
209,1760586294256,3228,3228,3228,3228,3228,3228,3228,3228,62.67610549926758,59.63440704345703,60.17936706542969,63.57227325439453,64.9850845336914,61.910858154296875,60.278076171875,57.97166442871094,58.032875061035156,58.88542938232422,57.142860412597656,70,14.285715103149414,47.619049072265625,4.545454502105713,0,0,0,11.621879577636719,17179869184,4294967296,13533691904,3200909312
209,1760586294466,3228,3228,3228,3228,3228,3228,3228,3228,62.67610549926758,59.63440704345703,60.17936706542969,63.57227325439453,64.9850845336914,61.910858154296875,60.278076171875,57.97166442871094,58.032875061035156,58.88542938232422,42.85714340209961,54.54545593261719,30.000001907348633,45,25,14.285715103149414,13.636363983154297,9.090909004211426,11.621879577636719,17179869184,4294967296,13536378880,3168010240
209,1760586294676,3228,3228,3228,3228,3228,3228,3228,3228,62.67610549926758,59.63440704345703,60.17936706542969,63.57227325439453,64.9850845336914,61.910858154296875,60.278076171875,57.97166442871094,58.032875061035156,58.88542938232422,68.18181610107422,45,22.72727394104004,50,13.636363983154297,0,0,0,11.90418815612793,17179869184,4294967296,13535019008,3131113472
198,1760586294890,3228,3228,3228,3228,3228,3228,3228,3228,62.67610549926758,59.63440704345703,60.17936706542969,63.57227325439453,64.9850845336914,61.910858154296875,60.278076171875,57.97166442871094,58.032875061035156,58.88542938232422,66.66667175292969,72.7272720336914,15.000000953674316,47.619049072265625,14.285715103149414,4.761904716491699,0,0,11.90418815612793,17179869184,4294967296,13527154688,3102605312
208,1760586295089,3228,3228,3228,3228,3228,3228,3228,3228,62.90776062011719,59.82136154174805,60.2747802734375,63.91957473754883,65.69573211669922,63.03921890258789,60.45659637451172,58.21498489379883,57.940677642822266,59.206764221191406,60.000003814697266,63.15789031982422,20,40,10,5,4.761904716491699,0,11.90418815612793,17179869184,4294967296,13530103808,3071868928
202,1760586295298,3228,3228,3228,3228,3228,3228,3228,3228,62.90776062011719,59.82136154174805,60.2747802734375,63.91957473754883,65.69573211669922,63.03921890258789,60.45659637451172,58.21498489379883,57.940677642822266,59.206764221191406,52.38095474243164,52.38095474243164,47.619049072265625,52.38095474243164,28.571430206298828,4.761904716491699,0,0,11.90418815612793,17179869184,4294967296,13519355904,3038314496
209,1760586295500,3228,3228,3228,3228,3228,3228,3228,3228,62.90776062011719,59.82136154174805,60.2747802734375,63.91957473754883,65.69573211669922,63.03921890258789,60.45659637451172,58.21498489379883,57.940677642822266,59.206764221191406,75,70,40,50,21.052631378173828,5,0,0,12.387063026428223,17179869184,4294967296,13524140032,2996371456
200,1760586295710,3228,3228,3228,3228,3228,3228,3228,3228,62.90776062011719,59.82136154174805,60.2747802734375,63.91957473754883,65.69573211669922,63.03921890258789,60.45659637451172,58.21498489379883,57.940677642822266,59.206764221191406,71.42857360839844,80.95238494873047,60.000003814697266,70,36.3636360168457,19.047618865966797,9.523809432983398,0,12.387063026428223,17179869184,4294967296,13257441280,2971205632
199,1760586295911,3228,3228,3228,3228,3228,3228,3228,3228,62.90776062011719,59.82136154174805,60.2747802734375,63.91957473754883,65.69573211669922,63.03921890258789,60.45659637451172,58.21498489379883,57.940677642822266,59.206764221191406,35,50,71.42857360839844,70,10.526315689086914,10,4.761904716491699,0,12.387063026428223,17179869184,4294967296,13188612096,2962817024
200,1760586296111,3228,3228,3228,3228,3228,3228,3228,3228,63.568973541259766,60.17657470703125,60.42201232910156,64.35417175292969,66.14781951904297,63.96300506591797,60.801177978515625,58.56444549560547,58.1937255859375,59.69641876220703,73.68421173095703,36.842105865478516,70,70,14.285715103149414,5,0,0,12.387063026428223,17179869184,4294967296,13099319296,2962817024
209,1760586296311,3228,3228,3228,3228,3228,3228,3228,3228,63.568973541259766,60.17657470703125,60.42201232910156,64.35417175292969,66.14781951904297,63.96300506591797,60.801177978515625,58.56444549560547,58.1937255859375,59.69641876220703,60.000003814697266,65,68.42105102539063,75,10,5,0,0,12.387063026428223,17179869184,4294967296,13018316800,2962817024
206,1760586296521,3228,3228,3228,3228,3228,3228,3228,3228,63.568973541259766,60.17657470703125,60.42201232910156,64.35417175292969,66.14781951904297,63.96300506591797,60.801177978515625,58.56444549560547,58.1937255859375,59.69641876220703,47.619049072265625,54.54545593261719,61.904762268066406,66.66667175292969,20,9.523809432983398,4.545454502105713,4.545454502105713,13.424825668334961,17179869184,4294967296,12947046400,2954428416
202,1760586296728,3228,3228,3228,3228,3228,3228,3228,3228,63.568973541259766,60.17657470703125,60.42201232910156,64.35417175292969,66.14781951904297,63.96300506591797,60.801177978515625,58.56444549560547,58.1937255859375,59.69641876220703,71.42857360839844,65,71.42857360839844,60.000003814697266,20,5,0,0,13.424825668334961,17179869184,4294967296,12885344256,2946039808
202,1760586296931,3228,3228,3228,3228,3228,3228,3228,3228,63.568973541259766,60.17657470703125,60.42201232910156,64.35417175292969,66.14781951904297,63.96300506591797,60.801177978515625,58.56444549560547,58.1937255859375,59.69641876220703,70,42.85714340209961,61.904762268066406,70,22.72727394104004,10,4.761904716491699,0,13.424825668334961,17179869184,4294967296,12837601280,2920873984
200,1760586297133,3228,3228,3228,3228,3228,3228,3228,3228,63.03154754638672,60.170780181884766,60.57212829589844,64.10807800292969,65.18655395507813,62.7103157043457,61.017032623291016,58.3595085144043,57.86591339111328,59.473594665527344,35,42.85714340209961,63.15789031982422,66.66667175292969,42.105262756347656,28.571430206298828,5.263157844543457,5,13.424825668334961,17179869184,4294967296,12837601280,2904096768
209,1760586297334,3228,3228,3228,3228,3228,3228,3228,3228,63.03154754638672,60.170780181884766,60.57212829589844,64.10807800292969,65.18655395507813,62.7103157043457,61.017032623291016,58.3595085144043,57.86591339111328,59.473594665527344,50,57.894737243652344,75,65,19.047618865966797,9.523809432983398,4.761904716491699,0,13.424825668334961,17179869184,4294967296,12837601280,2904096768
209,1760586297544,3228,3228,3228,3228,3228,3228,3228,3228,63.03154754638672,60.170780181884766,60.57212829589844,64.10807800292969,65.18655395507813,62.7103157043457,61.017032623291016,58.3595085144043,57.86591339111328,59.473594665527344,71.42857360839844,71.42857360839844,66.66667175292969,66.66667175292969,19.047618865966797,5,5,0,13.499543190002441,17179869184,4294967296,12837601280,2895708160
200,1760586297754,3228,3228,3228,3228,3228,3228,3228,3228,63.03154754638672,60.170780181884766,60.57212829589844,64.10807800292969,65.18655395507813,62.7103157043457,61.017032623291016,58.3595085144043,57.86591339111328,59.473594665527344,38.095237731933594,61.904762268066406,71.42857360839844,66.66667175292969,19.047618865966797,4.761904716491699,4.545454502105713,0,13.499543190002441,17179869184,4294967296,12608602112,2887319552
199,1760586297955,3228,3228,3228,3228,3228,3228,3228,3228,63.03154754638672,60.170780181884766,60.57212829589844,64.10807800292969,65.18655395507813,62.7103157043457,61.017032623291016,58.3595085144043,57.86591339111328,59.473594665527344,50,60.000003814697266,73.68421173095703,68.42105102539063,15.789472579956055,10,0,0,13.499543190002441,17179869184,4294967296,12557320192,2878930944
200,1760586298155,3228,3228,3228,3228,3228,3228,3228,3228,63.17699432373047,60.18397521972656,60.630210876464844,64.13069915771484,64.86946868896484,62.64086151123047,61.19605255126953,58.265708923339844,58.08543395996094,59.16242218017578,65,78.94737243652344,71.42857360839844,70,20,5,4.761904716491699,0,13.499543190002441,17179869184,4294967296,12498468864,2870542336
200,1760586298356,3228,3228,3228,3228,3228,3228,3228,3228,63.17699432373047,60.18397521972656,60.630210876464844,64.13069915771484,64.86946868896484,62.64086151123047,61.19605255126953,58.265708923339844,58.08543395996094,59.16242218017578,55,33.333335876464844,80,70,42.85714340209961,23.809524536132813,15.000000953674316,9.523809432983398,13.499543190002441,17179869184,4294967296,12437061632,2870542336
205,1760586298556,3228,3228,3228,3228,3228,3228,3228,3228,63.17699432373047,60.18397521972656,60.630210876464844,64.13069915771484,64.86946868896484,62.64086151123047,61.19605255126953,58.265708923339844,58.08543395996094,59.16242218017578,35,78.94737243652344,73.68421173095703,65,20,5.263157844543457,0,0,13.944891929626465,17179869184,4294967296,12389220352,2853765120
200,1760586298761,3228,3228,3228,3228,3228,3228,3228,3228,63.17699432373047,60.18397521972656,60.630210876464844,64.13069915771484,64.86946868896484,62.64086151123047,61.19605255126953,58.265708923339844,58.08543395996094,59.16242218017578,65,76.19047546386719,71.42857360839844,60.000003814697266,25,9.523809432983398,4.761904716491699,0,13.944891929626465,17179869184,4294967296,12337758208,2845376512
209,1760586298962,3228,3228,3228,3228,3228,3228,3228,3228,63.17699432373047,60.18397521972656,60.630210876464844,64.13069915771484,64.86946868896484,62.64086151123047,61.19605255126953,58.265708923339844,58.08543395996094,59.16242218017578,45,50,80,61.904762268066406,20,10,5,0,13.944891929626465,17179869184,4294967296,12260311040,2845376512
209,1760586299172,3228,3228,3228,3228,3228,3228,3228,3228,63.0527229309082,60.197391510009766,60.964454650878906,64.6032943725586,64.62651062011719,62.44489288330078,61.42732620239258,58.411529541015625,57.95401382446289,59.244659423828125,47.619049072265625,57.142860412597656,75,66.66667175292969,22.72727394104004,5,4.761904716491699,0,13.944891929626465,17179869184,4294967296,12185223168,2845376512
203,1760586299381,3228,3228,3228,3228,3228,3228,3228,3228,63.0527229309082,60.197391510009766,60.964454650878906,64.6032943725586,64.62651062011719,62.44489288330078,61.42732620239258,58.411529541015625,57.95401382446289,59.244659423828125,66.66667175292969,70,68.18181610107422,80,15.000000953674316,9.090909004211426,0,0,13.944891929626465,17179869184,4294967296,12103335936,2845376512
209,1760586299584,3228,3228,3228,3228,3228,3228,3228,3228,63.0527229309082,60.197391510009766,60.964454650878906,64.6032943725586,64.62651062011719,62.44489288330078,61.42732620239258,58.411529541015625,57.95401382446289,59.244659423828125,50,52.38095474243164,85,71.42857360839844,35,20,10,5,13.51920223236084,17179869184,4294967296,12103335936,2845376512
200,1760586299794,3228,3228,3228,3228,3228,3228,3228,3228,63.0527229309082,60.197391510009766,60.964454650878906,64.6032943725586,64.62651062011719,62.44489288330078,61.42732620239258,58.411529541015625,57.95401382446289,59.244659423828125,57.142860412597656,33.333335876464844,71.42857360839844,75,23.809524536132813,19.047618865966797,9.523809432983398,0,13.51920223236084,17179869184,4294967296,11974164480,2845376512
206,1760586299994,3228,3228,3228,3228,3228,3228,3228,3228,63.0527229309082,60.197391510009766,60.964454650878906,64.6032943725586,64.62651062011719,62.44489288330078,61.42732620239258,58.411529541015625,57.95401382446289,59.244659423828125,90,25,75,61.904762268066406,25,10.526315689086914,0,0,13.51920223236084,17179869184,4294967296,11913953280,2845376512
209,1760586300201,3228,3228,3228,3228,3228,3228,3228,3228,63.04269027709961,60.35795211791992,60.630462646484375,64.43974304199219,64.82650756835938,62.458736419677734,61.12913513183594,58.45609664916992,57.89345932006836,59.147216796875,61.904762268066406,61.904762268066406,75,70,40,22.72727394104004,9.523809432983398,4.761904716491699,13.51920223236084,17179869184,4294967296,11920949248,2811822080
206,1760586300412,3228,3228,3228,3228,3228,3228,3228,3228,63.04269027709961,60.35795211791992,60.630462646484375,64.43974304199219,64.82650756835938,62.458736419677734,61.12913513183594,58.45609664916992,57.89345932006836,59.147216796875,50,65,80.95238494873047,61.904762268066406,31.81818199157715,15.000000953674316,4.761904716491699,5,13.51920223236084,17179869184,4294967296,11824021504,2811822080
203,1760586300618,3228,3228,3228,3228,3228,3228,3228,3228,63.04269027709961,60.35795211791992,60.630462646484375,64.43974304199219,64.82650756835938,62.458736419677734,61.12913513183594,58.45609664916992,57.89345932006836,59.147216796875,57.142860412597656,75,80.95238494873047,60.000003814697266,30.000001907348633,14.285715103149414,4.761904716491699,0,12.95823860168457,17179869184,4294967296,11768299520,2811822080
203,1760586300823,3228,3228,3228,3228,3228,3228,3228,3228,63.04269027709961,60.35795211791992,60.630462646484375,64.43974304199219,64.82650756835938,62.458736419677734,61.12913513183594,58.45609664916992,57.89345932006836,59.147216796875,40,76.19047546386719,70,70,25,14.285715103149414,0,0,12.95823860168457,17179869184,4294967296,11701895168,2811822080
201,1760586301026,3228,3228,3228,3228,3228,3228,3228,3228,63.38190460205078,60.72312927246094,61.22102355957031,64.66887664794922,65.05211639404297,63.09999465942383,61.7692756652832,58.88179016113281,58.156402587890625,59.76941680908203,33.333335876464844,47.619049072265625,75,71.42857360839844,50,35,10,9.523809432983398,12.95823860168457,17179869184,4294967296,11636031488,2811822080
203,1760586301228,3228,3228,3228,3228,3228,3228,3228,3228,63.38190460205078,60.72312927246094,61.22102355957031,64.66887664794922,65.05211639404297,63.09999465942383,61.7692756652832,58.88179016113281,58.156402587890625,59.76941680908203,45,66.66667175292969,84.21052551269531,40,27.272727966308594,10,0,0,12.95823860168457,17179869184,4294967296,11296669696,2811822080
209,1760586301431,3228,3228,3228,3228,3228,3228,3228,3228,63.38190460205078,60.72312927246094,61.22102355957031,64.66887664794922,65.05211639404297,63.09999465942383,61.7692756652832,58.88179016113281,58.156402587890625,59.76941680908203,55,77.2727279663086,90.47618865966797,10,0,0,0,0,12.95823860168457,17179869184,4294967296,10473160704,2811822080
209,1760586301641,3228,3228,3228,3228,3228,3228,3228,3228,63.38190460205078,60.72312927246094,61.22102355957031,64.66887664794922,65.05211639404297,63.09999465942383,61.7692756652832,58.88179016113281,58.156402587890625,59.76941680908203,50,52.38095474243164,0,68.18181610107422,28.571430206298828,0,0,0,14.112171173095703,17179869184,4294967296,10473160704,2811822080
209,1760586301851,3228,3228,3228,3228,3228,3228,3228,3228,63.38190460205078,60.72312927246094,61.22102355957031,64.66887664794922,65.05211639404297,63.09999465942383,61.7692756652832,58.88179016113281,58.156402587890625,59.76941680908203,68.18181610107422,63.15789031982422,4.545454502105713,100,0,0,0,0,14.112171173095703,17179869184,4294967296,8183939072,2811822080
209,1760586302061,3228,3228,3228,3228,3228,3228,3228,3228,62.73937225341797,59.888031005859375,59.646827697753906,61.84126663208008,64.60147857666016,61.75904846191406,60.4419059753418,57.62543487548828,58.034488677978516,58.76274871826172,75,50,5,66.66667175292969,23.809524536132813,9.090909004211426,0,0,14.112171173095703,17179869184,4294967296,8611135488,2811822080
201,1760586302271,3228,3228,3228,3228,3228,3228,3228,3228,62.73937225341797,59.888031005859375,59.646827697753906,61.84126663208008,64.60147857666016,61.75904846191406,60.4419059753418,57.62543487548828,58.034488677978516,58.76274871826172,57.142860412597656,31.81818199157715,86.36363983154297,47.619049072265625,9.523809432983398,5,4.545454502105713,4.761904716491699,14.112171173095703,17179869184,4294967296,8644771840,2811822080
209,1760586302473,3228,3228,3228,3228,3228,3228,3228,3228,62.73937225341797,59.888031005859375,59.646827697753906,61.84126663208008,64.60147857666016,61.75904846191406,60.4419059753418,57.62543487548828,58.034488677978516,58.76274871826172,45,60.000003814697266,84.21052551269531,5,5.263157844543457,9.523809432983398,0,0,14.112171173095703,17179869184,4294967296,8644771840,2811822080
207,1760586302683,3228,3228,3228,3228,3228,3228,3228,3228,62.73937225341797,59.888031005859375,59.646827697753906,61.84126663208008,64.60147857666016,61.75904846191406,60.4419059753418,57.62543487548828,58.034488677978516,58.76274871826172,61.904762268066406,76.19047546386719,4.761904716491699,95.23809814453125,0,0,0,0,12.694440841674805,17179869184,4294967296,8644771840,2811822080
203,1760586302891,3228,3228,3228,3228,3228,3228,3228,3228,62.73937225341797,59.888031005859375,59.646827697753906,61.84126663208008,64.60147857666016,61.75904846191406,60.4419059753418,57.62543487548828,58.034488677978516,58.76274871826172,60.000003814697266,50,14.285715103149414,55,0,0,0,0,12.694440841674805,17179869184,4294967296,8737079296,2769879040
206,1760586303095,3228,3228,3228,3228,3228,3228,3228,3228,62.4995002746582,59.55327606201172,59.96198272705078,63.49639129638672,64.31470489501953,61.12443923950195,60.28551483154297,57.6771240234375,57.866641998291016,58.50109100341797,76.19047546386719,70,4.761904716491699,52.38095474243164,0,0,0,0,12.694440841674805,17179869184,4294967296,8799043584,2727936000
209,1760586303302,3228,3228,3228,3228,3228,3228,3228,3228,62.4995002746582,59.55327606201172,59.96198272705078,63.49639129638672,64.31470489501953,61.12443923950195,60.28551483154297,57.6771240234375,57.866641998291016,58.50109100341797,57.142860412597656,50,0,90.47618865966797,4.545454502105713,0,0,0,12.694440841674805,17179869184,4294967296,8804270080,2719547392
204,1760586303512,3228,3228,3228,3228,3228,3228,3228,3228,62.4995002746582,59.55327606201172,59.96198272705078,63.49639129638672,64.31470489501953,61.12443923950195,60.28551483154297,57.6771240234375,57.866641998291016,58.50109100341797,38.095237731933594,45.45454788208008,52.38095474243164,25,55,19.047618865966797,5,4.761904716491699,12.035709381103516,17179869184,4294967296,8808398848,2719547392
206,1760586303716,3228,3228,3228,3228,3228,3228,3228,3228,62.4995002746582,59.55327606201172,59.96198272705078,63.49639129638672,64.31470489501953,61.12443923950195,60.28551483154297,57.6771240234375,57.866641998291016,58.50109100341797,47.619049072265625,63.15789031982422,95,4.761904716491699,5,0,0,0,12.035709381103516,17179869184,4294967296,8808398848,2719547392
204,1760586303923,3228,3228,3228,3228,3228,3228,3228,3228,62.4995002746582,59.55327606201172,59.96198272705078,63.49639129638672,64.31470489501953,61.12443923950195,60.28551483154297,57.6771240234375,57.866641998291016,58.50109100341797,68.42105102539063,68.18181610107422,90.47618865966797,0,0,9.523809432983398,0,0,12.035709381103516,17179869184,4294967296,8811921408,2719547392
209,1760586304128,3228,3228,3228,3228,3228,3228,3228,3228,64.09617614746094,60.24165344238281,62.77515411376953,68.61560821533203,65.09602355957031,63.97917175292969,61.71212387084961,59.781219482421875,58.43919372558594,59.82159423828125,47.619049072265625,57.894737243652344,9.523809432983398,70,25,0,0,0,12.035709381103516,17179869184,4294967296,8546631680,2719547392
204,1760586304338,3228,3228,3228,3228,3228,3228,3228,3228,64.09617614746094,60.24165344238281,62.77515411376953,68.61560821533203,65.09602355957031,63.97917175292969,61.71212387084961,59.781219482421875,58.43919372558594,59.82159423828125,75,63.6363639831543,0,100,0,0,0,0,12.035709381103516,17179869184,4294967296,7972634624,2719547392
209,1760586304542,3228,3228,3228,3228,3228,3228,3228,3228,64.09617614746094,60.24165344238281,62.77515411376953,68.61560821533203,65.09602355957031,63.97917175292969,61.71212387084961,59.781219482421875,58.43919372558594,59.82159423828125,45.45454788208008,70,45,36.3636360168457,36.3636360168457,4.761904716491699,0,0,13.278029441833496,17179869184,4294967296,7419412480,2719547392
200,1760586304752,3228,3228,3228,3228,3228,3228,3228,3228,64.09617614746094,60.24165344238281,62.77515411376953,68.61560821533203,65.09602355957031,63.97917175292969,61.71212387084961,59.781219482421875,58.43919372558594,59.82159423828125,35,61.904762268066406,100,15.000000953674316,4.761904716491699,4.761904716491699,9.090909004211426,0,13.278029441833496,17179869184,4294967296,6864158720,2719547392
209,1760586304953,3228,3228,3228,3228,3228,3228,3228,3228,64.09617614746094,60.24165344238281,62.77515411376953,68.61560821533203,65.09602355957031,63.97917175292969,61.71212387084961,59.781219482421875,58.43919372558594,59.82159423828125,57.142860412597656,55,70,19.047618865966797,0,10,0,0,13.278029441833496,17179869184,4294967296,6509740032,2719547392
205,1760586305163,3228,3228,3228,3228,3228,3228,3228,3228,64.17889404296875,60.19096755981445,61.17121887207031,64.92374420166016,66.73645782470703,63.93115997314453,61.32427978515625,58.6530647277832,58.3972282409668,59.50840759277344,70,57.142860412597656,0,0,100,0,0,0,13.278029441833496,17179869184,4294967296,6163382272,2719547392
209,1760586305369,3228,3228,3228,3228,3228,3228,3228,3228,64.17889404296875,60.19096755981445,61.17121887207031,64.92374420166016,66.73645782470703,63.93115997314453,61.32427978515625,58.6530647277832,58.3972282409668,59.50840759277344,45,61.904762268066406,76.19047546386719,0,23.809524536132813,0,0,0,13.278029441833496,17179869184,4294967296,5235769344,2719547392
201,1760586305579,3228,3228,3228,3228,3228,3228,3228,3228,64.17889404296875,60.19096755981445,61.17121887207031,64.92374420166016,66.73645782470703,63.93115997314453,61.32427978515625,58.6530647277832,58.3972282409668,59.50840759277344,61.904762268066406,80,14.285715103149414,76.19047546386719,14.285715103149414,0,0,0,16.470245361328125,17179869184,4294967296,4304896000,2719547392
209,1760586305780,3228,3228,3228,3228,3228,3228,3228,3228,64.17889404296875,60.19096755981445,61.17121887207031,64.92374420166016,66.73645782470703,63.93115997314453,61.32427978515625,58.6530647277832,58.3972282409668,59.50840759277344,61.904762268066406,47.619049072265625,100,20,9.523809432983398,5,5.263157844543457,9.523809432983398,16.470245361328125,17179869184,4294967296,4304896000,2719547392
6,1760586305990,3228,3228,3228,3228,3228,3228,3228,3228,64.17889404296875,60.19096755981445,61.17121887207031,64.92374420166016,66.73645782470703,63.93115997314453,61.32427978515625,58.6530647277832,58.3972282409668,59.50840759277344,33.333335876464844,61.904762268066406,42.85714340209961,5,15.000000953674316,4.545454502105713,0,0,16.470245361328125,17179869184,4294967296,2315534336,2719547392
